137 43 1
10 12 2006 9 0 1 4 5.0 4.0 4.0 2 3 5 4 4 5 5 4 5.0 0 0 0 0 0 3 2 2 1 1 0 0 0.0 0.0 3.0 3.0 0 0 0 0 0 0 0 0
0.926275
06 25 2008 31 1 1 2 3.0 3.0 5.0 4 2 4 4 4 4 4 4 4.0 0 0 0 0 0 4 3 2 1 1 0 0 0.0 0.0 2.0 3.0 0 0 0 0 0 0 0 0
0.578759
11 06 2002 1 0 1 3 4.0 4.0 5.0 3 4 5 4 4 4 5 4 4.0 0 0 0 0 0 4 5 1 2 1 0 0 0.0 0.0 3.0 2.0 0 0 0 0 0 0 0 0
0.319962
10 29 2011 33 1 1 3 4.0 3.0 4.0 2 1 5 5 5 5 2 5 5.0 0 0 0 0 0 3 1 1 1 1 0 0 0.0 0.0 2.0 3.0 0 0 0 0 0 0 0 0
0.337614
09 01 2009 0 0 1 4 5.0 3.0 5.0 2 2 5 4 4 5 4 4 5.0 0 0 0 0 0 2 1 1 1 1 0 0 0.0 0.0 3.0 3.0 0 0 0 0 0 0 0 0
0.636324
10 29 2010 0 0 1 4 5.0 4.0 5.0 2 2 5 5 5 5 2 5 5.0 0 0 0 0 0 1 1 1 1 1 0 0 0.0 0.0 3.0 3.0 0 0 0 0 0 0 0 0
0.721763
07 08 2006 12 1 1 3 4.0 4.0 4.0 2 3 5 5 5 5 1 5 5.0 0 0 0 0 0 2 3 1 2 2 0 0 0.0 0.0 2.0 3.0 0 0 0 0 0 0 0 0
0.254486
09 20 2009 0 0 0 5 5.0 3.0 5.0 2 2 5 5 5 4 2 5 4.0 4 4 4 5 4 5 5 2 2 3 2 2 2.0 5.0 3.0 2.0 5 5 4 4 4 4 5 2
0.890408
12 23 2011 13 1 1 4 4.0 5.0 5.0 2 2 5 5 5 5 2 5 5.0 0 0 0 0 0 3 1 2 1 1 0 0 0.0 0.0 2.0 3.0 0 0 0 0 0 0 0 0
0.377862
02 23 2010 1 0 0 3 5.0 4.0 5.0 2 3 5 3 5 4 5 5 4.0 3 4 4 1 4 5 5 2 3 2 2 2 2.0 1.0 3.0 3.0 5 5 4 3 3 4 3 1
0.226743
10 09 1999 8 1 1 4 5.0 4.0 3.0 1 2 5 4 4 5 4 4 5.0 0 0 0 0 0 5 5 5 5 5 0 0 0.0 0.0 4.0 3.0 0 0 0 0 0 0 0 0
0.543528
08 25 2010 11 1 0 3 4.0 4.0 4.0 2 2 5 4 5 5 3 5 5.0 3 5 5 4 4 5 5 1 1 5 2 4 1.0 5.0 1.0 3.0 5 1 2 2 4 5 5 4
0.552574
01 25 2014 0 0 1 5 5.0 4.0 4.0 2 2 5 4 4 4 4 3 4.0 0 0 0 0 0 4 5 1 3 1 0 0 0.0 0.0 3.0 1.0 0 0 0 0 0 0 0 0
0.114987
07 01 2006 12 1 1 9 6.0 6.0 6.0 4 6 10 10 10 10 2 10 7.5 0 0 0 0 0 15 12 3 3 10 0 0 0.0 0.0 7.5 7.5 0 0 0 0 0 0 0 0
0.395609
06 03 2009 10 1 1 2 4.0 4.0 4.0 2 2 5 3 4 4 5 4 4.0 0 0 0 0 0 2 2 1 1 1 0 0 0.0 0.0 2.0 3.0 0 0 0 0 0 0 0 0
0.299907
01 28 1998 0 0 0 4 5.0 4.0 4.0 1 3 5 5 4 4 2 4 4.0 3 4 4 2 4 5 5 2 4 3 5 3 4.0 2.0 4.0 2.0 3 5 5 2 3 5 4 4
0.470595
10 13 2006 1 0 1 1 1.0 4.0 4.0 2 1 1 4 4 4 5 2 4.0 0 0 0 0 0 1 1 1 1 1 0 0 0.0 0.0 1.0 3.0 0 0 0 0 0 0 0 0
0.344789
07 17 1999 0 0 0 4 5.0 4.0 4.0 2 2 5 4 5 5 3 5 5.0 1 2 2 2 4 5 4 1 3 3 1 1 1.0 4.0 2.0 3.0 5 3 4 5 5 4 3 4
0.565375
05 09 2009 4 1 0 3 4.0 3.0 4.0 2 2 5 5 5 5 2 5 5.0 2 1 2 1 4 2 2 1 2 1 2 3 3.0 5.0 1.0 3.0 5 1 3 2 3 4 3 3
0.431671
08 28 2010 5 1 0 1 1.0 4.0 4.0 1 2 1 5 5 5 1 5 5.0 1 1 2 1 4 1 1 1 1 1 4 4 4.0 2.0 2.0 3.0 4 5 5 3 4 5 4 5
0.495250
01 03 2014 0 0 0 4 5.0 4.0 4.0 2 3 5 5 5 5 1 5 5.0 0 0 0 0 0 2 2 2 1 1 0 0 0.0 0.0 2.0 3.0 0 0 0 0 0 0 0 0
0.378002
08 18 2011 27 1 1 2 3.0 4.0 4.0 2 2 5 4 5 5 3 5 5.0 0 0 0 0 0 5 4 2 2 3 0 0 0.0 0.0 2.0 3.0 0 0 0 0 0 0 0 0
0.406757
11 13 2004 9 0 1 2 4.0 4.0 4.0 2 3 5 5 5 4 2 5 4.0 0 0 0 0 0 2 2 1 1 1 0 0 0.0 0.0 2.0 3.0 0 0 0 0 0 0 0 0
0.344508
04 10 1997 0 0 0 12 7.5 6.0 7.5 2 8 10 8 8 8 10 6 6.0 15 8 12 6 9 25 15 9 5 15 6 10 10.0 5.0 12.5 2.5 25 15 25 6 18 3 16 6
0.428665
11 05 2011 30 1 1 1 1.0 4.0 3.0 1 1 1 4 5 5 3 5 5.0 0 0 0 0 0 1 1 1 1 1 0 0 0.0 0.0 2.0 3.0 0 0 0 0 0 0 0 0
0.426363
08 18 2005 1 0 2 1 3.0 0.0 5.0 5 5 1 5 5 5 2 5 5.0 0 0 0 0 0 1 2 2 1 2 0 0 0.0 0.0 2.0 3.0 0 0 0 0 0 0 0 0
0.381001
09 01 2010 31 1 0 9 6.0 6.0 6.0 4 6 10 6 8 10 10 8 7.5 9 10 15 3 12 15 15 9 2 25 6 4 7.5 2.5 5.0 7.5 20 9 15 4 24 12 16 2
0.478061
07 20 2008 32 1 0 3 3.0 4.0 4.0 2 2 5 4 5 5 3 5 5.0 1 5 4 2 4 5 5 2 1 4 3 3 3.0 2.0 2.0 3.0 5 5 5 4 2 5 3 2
0.401575
09 07 2007 8 1 1 3 4.0 4.0 4.0 2 2 5 5 5 5 1 5 5.0 0 0 0 0 0 3 2 1 2 1 0 0 0.0 0.0 3.0 3.0 0 0 0 0 0 0 0 0
0.759227
10 14 2011 1 0 1 2 4.0 4.0 4.0 1 2 5 5 5 5 1 5 5.0 0 0 0 0 0 1 1 1 1 1 0 0 0.0 0.0 3.0 2.0 0 0 0 0 0 0 0 0
0.238384
02 08 2007 13 1 1 4 5.0 5.0 4.0 2 2 5 4 5 5 3 5 5.0 0 0 0 0 0 5 5 4 5 5 0 0 0.0 0.0 4.0 1.0 0 0 0 0 0 0 0 0
0.393980
12 25 2009 0 0 0 12 7.5 7.5 4.5 2 10 10 10 10 10 4 10 7.5 3 4 9 3 3 10 15 3 4 5 6 4 7.5 5.0 10.0 5.0 25 6 10 4 18 12 12 2
0.184783
12 01 2007 0 0 1 4 5.0 4.0 4.0 1 3 5 5 5 5 2 5 5.0 0 0 0 0 0 3 3 1 3 1 0 0 0.0 0.0 2.0 3.0 0 0 0 0 0 0 0 0
0.360047
04 11 2012 0 0 1 3 4.0 4.0 5.0 2 2 5 5 5 5 2 5 5.0 0 0 0 0 0 1 3 1 3 1 0 0 0.0 0.0 2.0 3.0 0 0 0 0 0 0 0 0
0.300443
08 12 2008 0 0 1 2 4.0 4.0 4.0 1 4 5 5 5 5 1 5 5.0 0 0 0 0 0 1 1 1 1 1 0 0 0.0 0.0 3.0 3.0 0 0 0 0 0 0 0 0
0.694117
06 05 1999 20 1 0 2 4.0 5.0 4.0 1 1 3 4 4 4 4 2 3.0 0 0 0 0 0 1 2 2 1 1 0 0 0.0 0.0 2.0 3.0 0 0 0 0 0 0 0 0
0.465187
06 21 2008 17 1 1 2 3.0 4.0 3.0 1 4 5 5 5 5 2 5 5.0 0 0 0 0 0 1 2 1 1 1 0 0 0.0 0.0 3.0 2.0 0 0 0 0 0 0 0 0
0.325884
03 16 2013 0 0 0 4 5.0 4.0 4.0 2 2 5 4 4 4 5 3 4.0 0 0 0 0 0 4 5 2 2 2 0 0 0.0 0.0 3.0 3.0 0 0 0 0 0 0 0 0
0.239053
11 08 2011 18 1 0 2 2.0 4.0 4.0 2 2 4 4 5 5 4 5 5.0 0 0 0 0 0 5 4 2 1 2 0 0 0.0 0.0 1.0 3.0 0 0 0 0 0 0 0 0
0.327304
05 01 2010 1 0 0 3 5.0 4.0 5.0 3 4 5 4 4 4 5 4 4.0 1 1 2 1 1 5 5 1 3 2 2 2 2.0 1.0 3.0 3.0 5 2 3 2 2 2 3 3
0.215610
03 29 2013 15 1 1 3 4.0 4.0 3.0 1 2 5 5 5 5 2 5 5.0 0 0 0 0 0 2 4 2 1 1 0 0 0.0 0.0 3.0 3.0 0 0 0 0 0 0 0 0
0.559527
11 12 2013 19 1 1 2 3.0 4.0 4.0 2 1 1 4 4 5 3 4 5.0 0 0 0 0 0 1 1 1 1 1 0 0 0.0 0.0 1.0 3.0 0 0 0 0 0 0 0 0
0.176323
05 04 2012 0 0 0 6 4.5 6.0 6.0 4 8 10 10 10 10 4 10 7.5 6 4 12 6 12 5 9 3 2 5 8 8 10.0 12.5 5.0 7.5 25 15 25 4 18 12 16 8
0.488299
12 06 2008 13 1 0 4 5.0 5.0 4.0 2 2 5 4 5 5 3 5 5.0 3 4 3 1 3 5 5 4 5 5 3 3 3.0 2.0 4.0 1.0 5 3 3 2 3 4 3 1
0.415544
07 10 2013 17 1 1 1 2.0 5.0 4.0 1 2 1 4 5 5 3 5 5.0 0 0 0 0 0 1 1 1 1 1 0 0 0.0 0.0 1.0 2.0 0 0 0 0 0 0 0 0
0.202530
05 11 2009 0 0 0 1 1.0 4.0 3.0 1 2 1 5 5 5 1 5 5.0 1 1 1 1 1 2 1 1 1 1 1 1 1.0 5.0 1.0 3.0 5 4 4 3 3 4 2 3
0.236448
08 10 2012 29 1 1 2 3.0 4.0 4.0 2 1 5 5 5 5 1 5 5.0 0 0 0 0 0 1 1 1 1 1 0 0 0.0 0.0 2.0 3.0 0 0 0 0 0 0 0 0
0.299307
09 26 2012 28 1 0 6 3.0 6.0 6.0 4 4 10 8 10 10 6 10 7.5 9 8 12 3 12 10 12 6 1 10 2 2 2.5 2.5 5.0 7.5 15 3 15 6 18 12 16 6
0.295409
12 09 2006 24 1 1 3 4.0 4.0 4.0 1 2 5 5 5 5 2 5 5.0 0 0 0 0 0 2 3 1 2 1 0 0 0.0 0.0 2.0 2.0 0 0 0 0 0 0 0 0
0.209702
03 14 1998 0 0 0 4 5.0 5.0 4.0 1 5 5 5 4 4 2 4 4.0 3 4 2 1 4 2 3 2 2 1 3 3 4.0 5.0 3.0 3.0 3 2 1 2 2 1 3 3
0.378423
02 23 2010 23 1 1 2 2.0 4.0 3.0 2 1 5 4 5 5 5 5 5.0 0 0 0 0 0 5 4 2 2 2 0 0 0.0 0.0 2.0 3.0 0 0 0 0 0 0 0 0
0.380750
08 12 1998 0 0 0 2 4.0 4.0 4.0 2 5 5 4 5 4 3 5 4.0 4 4 5 5 5 2 4 1 2 1 5 5 5.0 1.0 2.0 3.0 5 5 5 3 4 4 5 3
0.596619
10 16 2009 0 0 1 4 5.0 4.0 5.0 1 3 5 5 5 5 2 5 5.0 0 0 0 0 0 3 5 2 5 3 0 0 0.0 0.0 5.0 1.0 0 0 0 0 0 0 0 0
0.372736
12 16 2005 0 0 1 2 4.0 4.0 4.0 1 3 5 4 5 5 3 5 5.0 0 0 0 0 0 2 4 2 2 1 0 0 0.0 0.0 2.0 3.0 0 0 0 0 0 0 0 0
0.406662
07 26 2011 8 1 1 3 3.0 4.0 4.0 2 2 5 4 5 5 3 5 5.0 0 0 0 0 0 3 5 1 3 2 0 0 0.0 0.0 2.0 3.0 0 0 0 0 0 0 0 0
0.335138
02 11 2008 0 0 1 5 5.0 4.0 4.0 1 3 5 5 4 4 2 4 4.0 0 0 0 0 0 5 5 3 4 2 0 0 0.0 0.0 5.0 2.0 0 0 0 0 0 0 0 0
0.590660
10 09 2009 9 0 0 4 4.0 5.0 3.0 1 3 5 5 5 5 2 5 5.0 3 2 4 1 4 1 3 2 2 3 3 2 3.0 5.0 2.0 3.0 4 3 3 2 4 4 3 1
0.425055
01 07 2000 0 0 1 3 5.0 4.0 4.0 2 5 5 4 5 4 3 5 4.0 0 0 0 0 0 1 4 1 1 1 0 0 0.0 0.0 2.0 3.0 0 0 0 0 0 0 0 0
0.749509
02 02 2012 3 1 0 6 4.5 6.0 6.0 4 4 10 8 10 10 8 10 7.5 6 4 9 3 12 20 12 6 1 10 2 2 2.5 2.5 2.5 7.5 25 12 10 6 18 12 12 6
0.267551
06 21 2011 0 0 0 4 5.0 4.0 5.0 2 3 5 4 4 4 4 3 4.0 0 0 0 0 0 3 5 2 4 2 0 0 0.0 0.0 3.0 2.0 0 0 0 0 0 0 0 0
0.449161
07 09 2012 20 1 1 1 2.0 5.0 4.0 1 2 1 5 4 4 2 4 3.0 0 0 0 0 0 1 1 1 1 1 0 0 0.0 0.0 2.0 3.0 0 0 0 0 0 0 0 0
0.357039
08 25 2007 1 0 1 2 4.0 3.0 5.0 4 5 5 4 4 4 5 4 4.0 0 0 0 0 0 1 2 1 1 1 0 0 0.0 0.0 3.0 2.0 0 0 0 0 0 0 0 0
0.421926
09 11 2004 2 1 1 4 5.0 2.0 5.0 2 2 5 4 4 4 3 4 4.0 0 0 0 0 0 4 4 1 2 3 0 0 0.0 0.0 1.0 3.0 0 0 0 0 0 0 0 0
0.273805
12 06 2011 24 1 1 2 4.0 4.0 4.0 1 2 5 5 5 5 2 5 5.0 0 0 0 0 0 2 3 1 2 1 0 0 0.0 0.0 2.0 2.0 0 0 0 0 0 0 0 0
0.442951
09 21 2007 0 0 1 3 5.0 4.0 4.0 2 5 5 5 5 5 2 5 5.0 0 0 0 0 0 4 5 2 2 1 0 0 0.0 0.0 4.0 3.0 0 0 0 0 0 0 0 0
0.965235
09 09 2012 26 1 0 3 4.0 5.0 4.0 2 2 5 4 5 5 4 5 5.0 5 4 5 5 4 5 5 4 2 5 1 1 1.0 0.0 2.0 3.0 5 5 5 5 4 5 5 4
0.475848
06 15 2008 17 1 1 3 3.0 6.0 6.0 4 2 2 8 10 10 6 10 7.5 0 0 0 0 0 5 3 3 1 5 0 0 0.0 0.0 2.5 7.5 0 0 0 0 0 0 0 0
0.488877
05 01 2011 15 1 0 4 4.0 4.0 4.0 1 2 5 4 5 5 3 5 5.0 3 5 5 3 4 5 5 3 3 5 2 2 2.0 3.0 3.0 1.0 5 5 5 3 4 4 4 3
0.324866
01 22 2007 16 1 0 4 5.0 4.0 3.0 1 3 5 5 5 5 2 5 5.0 1 2 2 1 3 2 5 1 3 4 1 1 4.0 3.0 2.0 3.0 5 5 3 3 5 4 3 2
0.446773
03 15 2008 27 1 1 1 2.0 5.0 3.0 1 2 1 5 5 5 1 5 5.0 0 0 0 0 0 1 1 1 1 1 0 0 0.0 0.0 1.0 2.0 0 0 0 0 0 0 0 0
0.279203
03 28 2009 0 0 0 4 5.0 4.0 4.0 2 3 5 4 4 4 4 4 4.0 4 4 3 3 3 3 5 1 2 2 3 3 3.0 1.0 2.0 2.0 4 1 2 2 3 4 3 2
0.381806
01 18 2011 0 0 1 3 5.0 4.0 4.0 2 5 5 4 5 4 3 5 4.0 0 0 0 0 0 1 4 1 1 1 0 0 0.0 0.0 2.0 2.0 0 0 0 0 0 0 0 0
0.546170
04 23 2013 15 1 1 2 3.0 4.0 4.0 2 2 5 5 5 5 1 5 5.0 0 0 0 0 0 3 1 1 2 1 0 0 0.0 0.0 2.0 3.0 0 0 0 0 0 0 0 0
0.237120
01 17 2009 14 1 1 3 4.0 3.0 4.0 3 2 5 4 4 4 3 4 4.0 0 0 0 0 0 5 1 1 1 1 0 0 0.0 0.0 1.0 3.0 0 0 0 0 0 0 0 0
0.326192
12 31 2012 0 0 0 4 5.0 4.0 4.0 1 3 5 5 5 5 2 5 5.0 2 3 3 1 3 4 2 1 2 1 5 2 5.0 2.0 2.0 3.0 4 3 3 2 3 4 3 3
0.205864
12 01 2008 10 1 0 1 1.0 3.0 3.0 2 1 1 5 5 5 2 5 5.0 0 0 0 0 0 1 1 1 1 1 0 0 0.0 0.0 1.0 3.0 0 0 0 0 0 0 0 0
0.300820
08 23 2010 1 0 0 2 3.0 4.0 3.0 1 5 5 5 5 5 1 5 5.0 1 1 2 1 4 1 3 1 2 5 1 1 1.0 1.0 1.0 3.0 5 5 5 3 4 4 3 1
0.274069
05 09 2008 1 0 1 3 5.0 5.0 3.0 1 5 5 5 5 5 2 5 5.0 0 0 0 0 0 2 5 2 4 3 0 0 0.0 0.0 3.0 3.0 0 0 0 0 0 0 0 0
0.302827
05 08 1996 16 1 0 4 5.0 4.0 3.0 1 2 5 4 4 5 5 4 5.0 2 2 4 2 4 5 5 4 3 5 3 3 3.0 4.0 3.0 2.0 4 1 3 3 3 4 3 3
0.390388
03 21 2012 0 0 1 4 5.0 4.0 4.0 1 3 5 4 4 5 4 4 5.0 0 0 0 0 0 1 4 1 2 1 0 0 0.0 0.0 4.0 3.0 0 0 0 0 0 0 0 0
0.410089
05 01 2012 1 0 0 12 7.5 6.0 6.0 2 6 10 8 10 10 6 10 7.5 6 4 9 3 12 10 15 6 3 10 4 4 5.0 2.5 5.0 7.5 10 15 20 4 18 12 12 2
0.316497
05 30 2008 0 0 1 12 7.5 6.0 6.0 4 6 10 8 8 8 6 8 6.0 0 0 0 0 0 15 12 3 2 5 0 0 0.0 0.0 7.5 5.0 0 0 0 0 0 0 0 0
0.435057
11 15 2010 10 1 1 2 4.0 4.0 4.0 2 3 5 5 5 4 2 5 4.0 4 1 2 2 4 3 1 1 1 1 3 3 3.0 1.0 2.0 3.0 1 1 3 2 3 1 3 3
0.528621
08 05 2013 21 1 1 2 2.0 4.0 4.0 3 1 4 5 5 5 2 5 5.0 0 0 0 0 0 2 1 1 1 1 0 0 0.0 0.0 1.0 3.0 0 0 0 0 0 0 0 0
0.161968
07 13 1998 0 0 0 12 7.5 6.0 6.0 2 8 10 10 10 10 4 10 7.5 15 10 15 15 12 10 9 6 3 5 10 10 12.5 5.0 5.0 7.5 20 15 25 4 24 15 20 6
0.255125
12 21 2013 9 0 1 3 5.0 4.0 3.0 1 2 5 5 5 5 1 5 5.0 0 0 0 0 0 1 1 1 1 1 0 0 0.0 0.0 1.0 3.0 0 0 0 0 0 0 0 0
0.175607
01 09 2010 22 1 1 2 2.0 4.0 3.0 1 1 1 4 5 5 3 5 5.0 0 0 0 0 0 4 3 1 1 2 0 0 0.0 0.0 2.0 3.0 0 0 0 0 0 0 0 0
0.188213
03 01 2011 0 0 1 4 5.0 4.0 5.0 2 4 5 4 4 4 3 3 4.0 0 0 0 0 0 5 5 3 5 3 0 0 0.0 0.0 5.0 1.0 0 0 0 0 0 0 0 0
0.405273
03 16 2010 0 0 0 2 4.0 3.0 4.0 2 3 5 5 5 4 1 5 4.0 2 2 2 1 4 2 1 1 2 1 5 3 5.0 5.0 2.0 3.0 5 5 5 4 4 4 3 4
0.383672
08 30 2011 22 1 0 2 2.0 4.0 5.0 4 2 5 5 5 5 1 5 5.0 0 0 0 0 0 3 1 1 2 1 0 0 0.0 0.0 2.0 3.0 0 0 0 0 0 0 0 0
0.345238
03 09 2013 2 1 0 2 4.0 2.0 5.0 2 3 5 5 5 5 2 5 5.0 0 0 0 0 0 1 1 1 1 1 0 0 0.0 0.0 1.0 3.0 0 0 0 0 0 0 0 0
0.205538
10 11 2010 0 0 0 2 3.0 4.0 4.0 1 5 5 5 5 5 2 5 5.0 3 4 4 3 4 2 4 1 2 1 5 4 4.0 5.0 1.0 3.0 4 5 2 2 3 5 4 4
0.516664
12 18 1999 0 0 0 4 5.0 4.0 4.0 2 4 5 4 4 4 5 3 4.0 5 5 5 5 5 5 5 5 3 1 5 5 5.0 1.0 5.0 1.0 5 5 4 2 5 5 5 3
1.357522
03 11 2011 25 1 1 3 4.0 4.0 4.0 1 2 5 2 4 5 5 4 5.0 0 0 0 0 0 3 5 1 3 1 0 0 0.0 0.0 2.0 3.0 0 0 0 0 0 0 0 0
0.234469
06 20 2007 8 1 0 3 5.0 4.0 4.0 1 2 5 5 5 5 1 5 5.0 0 0 0 0 0 3 2 1 2 2 0 0 0.0 0.0 1.0 3.0 0 0 0 0 0 0 0 0
0.208345
08 08 2013 0 0 1 12 7.5 6.0 6.0 2 8 10 10 8 8 4 8 6.0 0 0 0 0 0 15 9 3 3 5 0 0 0.0 0.0 5.0 7.5 0 0 0 0 0 0 0 0
0.342617
10 14 2012 24 1 0 3 4.0 4.0 4.0 1 2 5 4 4 5 4 4 5.0 5 5 3 2 4 3 5 1 3 1 2 2 2.0 1.0 2.0 2.0 3 1 4 3 4 5 5 3
0.341088
11 01 2002 0 0 1 12 7.5 7.5 6.0 2 10 10 8 8 10 8 8 7.5 0 0 0 0 0 25 15 6 3 25 0 0 0.0 0.0 10.0 7.5 0 0 0 0 0 0 0 0
0.678242
06 08 2012 15 1 1 2 4.0 4.0 4.0 2 2 5 5 5 5 2 5 5.0 0 0 0 0 0 1 1 1 1 1 0 0 0.0 0.0 1.0 3.0 0 0 0 0 0 0 0 0
0.127050
08 08 2011 15 1 1 2 3.0 4.0 4.0 2 2 5 5 5 5 1 5 5.0 3 2 4 1 3 3 2 1 2 1 5 1 2.0 5.0 1.0 3.0 4 4 3 4 4 4 3 5
0.375372
01 26 2009 0 0 1 3 5.0 4.0 4.0 1 4 5 4 5 4 4 5 4.0 0 0 0 0 0 4 5 2 4 5 0 0 0.0 0.0 5.0 1.0 0 0 0 0 0 0 0 0
0.669480
11 27 2011 2 1 1 4 5.0 2.0 4.0 2 2 5 4 4 4 3 4 4.0 0 0 0 0 0 3 2 1 2 3 0 0 0.0 0.0 2.0 2.0 0 0 0 0 0 0 0 0
0.641262
05 22 2012 0 0 0 2 4.0 4.0 4.0 2 5 5 5 5 5 2 5 5.0 2 2 5 2 4 2 5 1 1 3 5 2 3.0 5.0 3.0 3.0 5 5 4 2 3 4 4 2
0.516137
08 09 2013 7 1 1 9 6.0 6.0 6.0 4 4 10 8 10 10 8 10 7.5 0 0 0 0 0 25 15 15 3 20 0 0 0.0 0.0 10.0 2.5 0 0 0 0 0 0 0 0
0.374513
10 16 2010 0 0 1 4 5.0 4.0 4.0 1 3 5 5 5 5 2 5 5.0 0 0 0 0 0 3 4 1 2 1 0 0 0.0 0.0 3.0 3.0 0 0 0 0 0 0 0 0
0.480775
02 28 2013 1 0 0 2 2.0 4.0 4.0 2 1 5 4 5 5 3 5 5.0 0 0 0 0 0 3 4 1 2 2 0 0 0.0 0.0 1.0 3.0 0 0 0 0 0 0 0 0
0.173463
02 07 2012 0 0 0 12 7.5 6.0 6.0 2 10 10 10 10 10 4 10 7.5 3 10 15 3 12 10 9 3 2 5 8 8 10.0 2.5 7.5 7.5 5 15 20 2 12 3 16 4
0.321892
12 29 2011 8 1 1 2 2.0 4.0 4.0 1 2 5 5 5 5 2 5 5.0 0 0 0 0 0 3 3 1 3 2 0 0 0.0 0.0 2.0 3.0 0 0 0 0 0 0 0 0
0.199910
11 08 2009 0 0 1 2 4.0 4.0 5.0 1 3 5 4 5 5 3 5 5.0 0 0 0 0 0 1 1 1 1 1 0 0 0.0 0.0 1.0 1.0 0 0 0 0 0 0 0 0
0.821352
01 07 2000 0 0 1 3 5.0 4.0 4.0 2 5 5 4 5 4 3 5 4.0 0 0 0 0 0 1 4 1 1 1 0 0 0.0 0.0 2.0 2.0 0 0 0 0 0 0 0 0
1.969694
08 16 2011 10 1 0 2 4.0 4.0 4.0 2 2 5 5 4 4 1 3 4.0 0 0 0 0 0 2 1 1 1 1 0 0 0.0 0.0 2.0 3.0 0 0 0 0 0 0 0 0
0.202193
04 21 2012 9 0 0 4 5.0 4.0 3.0 1 2 5 5 5 5 2 5 5.0 3 2 3 2 3 4 5 1 4 2 5 3 3.0 3.0 2.0 3.0 3 5 5 4 4 4 3 2
0.533753
12 27 2005 1 0 0 3 5.0 4.0 5.0 3 3 5 4 4 5 4 2 5.0 1 3 3 1 4 5 5 4 2 2 1 1 1.0 1.0 3.0 1.0 3 3 3 2 3 4 3 1
0.201878
03 30 2012 9 0 1 2 4.0 4.0 4.0 2 2 5 4 4 5 3 4 5.0 0 0 0 0 0 2 2 1 1 1 0 0 0.0 0.0 3.0 3.0 0 0 0 0 0 0 0 0
0.889460
12 21 2011 12 1 1 4 5.0 4.0 4.0 2 2 5 4 4 5 4 4 5.0 0 0 0 0 0 5 5 3 3 5 0 0 0.0 0.0 4.0 3.0 0 0 0 0 0 0 0 0
0.720178
04 01 2008 0 0 1 12 7.5 6.0 6.0 2 8 10 10 10 10 4 10 7.5 0 0 0 0 0 15 3 3 3 5 0 0 0.0 0.0 7.5 7.5 0 0 0 0 0 0 0 0
0.863068
08 25 2011 9 0 0 3 5.0 5.0 3.0 1 2 5 5 5 5 2 5 5.0 2 2 4 2 4 2 5 2 4 2 1 1 1.0 4.0 3.0 3.0 5 5 4 2 2 4 3 3
0.425076
12 23 2009 9 0 0 4 5.0 5.0 3.0 1 2 5 4 5 5 3 5 5.0 4 4 3 5 4 3 5 3 5 5 4 4 4.0 4.0 5.0 3.0 4 1 2 2 3 5 5 1
0.786543
10 13 2004 1 0 0 2 3.0 5.0 3.0 1 5 5 5 5 5 1 5 5.0 1 1 3 1 4 1 3 1 2 1 1 1 1.0 1.0 2.0 3.0 3 5 5 2 3 4 3 4
0.426418
02 02 2012 17 1 1 6 6.0 6.0 4.5 2 8 10 10 10 8 4 10 6.0 0 0 0 0 0 5 15 3 2 5 0 0 0.0 0.0 5.0 7.5 0 0 0 0 0 0 0 0
0.375289
09 27 2011 0 0 0 12 7.5 6.0 6.0 4 4 10 8 10 10 6 10 7.5 0 0 0 0 0 25 15 6 4 20 0 0 0.0 0.0 7.5 5.0 0 0 0 0 0 0 0 0
0.495225
09 24 2009 1 0 1 2 4.0 5.0 4.0 1 2 5 5 5 5 2 5 5.0 0 0 0 0 0 1 1 1 2 1 0 0 0.0 0.0 1.0 3.0 0 0 0 0 0 0 0 0
0.273265
02 09 2011 0 0 0 3 5.0 4.0 4.0 2 2 5 1 4 4 5 2 4.0 4 4 4 3 3 5 5 5 1 1 5 5 5.0 1.0 3.0 2.0 5 5 3 3 3 4 3 2
0.683648
06 01 2009 0 0 0 4 5.0 5.0 4.0 1 5 5 3 4 5 5 3 5.0 3 4 5 5 4 5 5 5 5 5 5 3 5.0 1.0 5.0 1.0 5 5 4 3 3 4 4 1
0.455424
02 14 2008 1 0 1 4 5.0 4.0 4.0 1 2 5 5 5 5 1 5 5.0 0 0 0 0 0 3 2 1 3 2 0 0 0.0 0.0 3.0 3.0 0 0 0 0 0 0 0 0
0.692313
02 12 2010 1 0 1 6 6.0 4.5 7.5 8 10 10 8 8 8 10 8 6.0 0 0 0 0 0 5 6 3 1 5 0 0 0.0 0.0 7.5 5.0 0 0 0 0 0 0 0 0
0.501732
11 16 2011 6 1 0 6 4.5 6.0 7.5 6 4 10 10 10 10 2 10 7.5 0 0 0 0 0 25 3 3 1 10 0 0 0.0 0.0 5.0 2.5 0 0 0 0 0 0 0 0
0.544423
10 25 2013 1 0 1 3 5.0 3.0 5.0 3 4 5 4 4 4 5 4 4.0 0 0 0 0 0 5 5 1 3 1 0 0 0.0 0.0 3.0 2.0 0 0 0 0 0 0 0 0
0.190484
11 25 2008 0 0 1 2 2.0 4.0 4.0 2 2 5 5 5 5 2 5 5.0 0 0 0 0 0 3 4 1 2 1 0 0 0.0 0.0 2.0 3.0 0 0 0 0 0 0 0 0
0.459042
10 15 2005 0 0 1 5 5.0 4.0 5.0 1 4 5 3 4 4 5 3 4.0 0 0 0 0 0 5 5 5 5 4 0 0 0.0 0.0 5.0 0.0 0 0 0 0 0 0 0 0
1.654906
12 01 2011 0 0 0 12 7.5 6.0 6.0 2 8 10 8 8 8 8 8 6.0 12 10 12 9 9 20 15 6 4 25 10 8 10.0 2.5 12.5 2.5 20 9 15 4 12 12 12 4
0.550082
10 04 2011 1 0 1 4 5.0 4.0 5.0 2 2 5 3 4 5 5 4 5.0 0 0 0 0 0 5 5 5 5 5 0 0 0.0 0.0 5.0 0.0 0 0 0 0 0 0 0 0
0.334777
08 05 2009 9 0 0 3 5.0 4.0 4.0 2 2 5 3 4 5 5 4 5.0 3 2 3 1 4 4 5 5 3 5 5 2 5.0 3.0 5.0 1.0 4 3 3 2 3 4 3 1
0.252538
12 06 2006 0 0 0 12 7.5 6.0 6.0 2 10 10 10 10 10 4 10 7.5 9 8 12 3 12 10 9 6 3 5 8 8 10.0 10.0 10.0 7.5 5 6 10 6 18 12 12 6
0.413643
11 27 2006 0 0 1 4 5.0 4.0 4.0 1 4 5 5 5 5 2 5 5.0 0 0 0 0 0 3 5 1 4 2 0 0 0.0 0.0 3.0 3.0 0 0 0 0 0 0 0 0
0.398277
01 25 2010 16 1 0 4 5.0 4.0 3.0 1 3 5 5 5 5 1 5 5.0 2 2 4 2 4 3 3 1 4 4 3 3 3.0 2.0 2.0 3.0 4 5 5 3 3 4 4 3
0.631322
09 29 2012 1 0 0 9 7.5 6.0 7.5 8 6 10 10 8 8 4 6 6.0 3 2 9 3 12 25 12 6 2 10 4 4 5.0 2.5 7.5 2.5 20 9 20 4 18 12 12 2
0.387134
